Some((
    red: 0.79607843,
    green: 0.65098039,
    blue: 0.96862745,
))