Some((
    red: 0.9372549,
    green: 0.94509804,
    blue: 0.9607843,
    alpha: 0.92,
))