Some((
    red: 0.5333333,
    green: 0.22352941,
    blue: 0.9372549,
))
